# RPH event ids replayed by scripts/swiss_replay.py (2026-10-06):
# 8 two-day Challenges, ~45 qualifiers/championships/circuit mains, 492 Set Championships
# sampled by size from lorcana_events_history. 328953 is excluded: 2,048 players and no
# draws in 600 day-two matches, which reads as a test event, not a tournament.
199148 201272 202598 203045 203534 204342 204539 205432 208627 210570 225458 228676
237107 243051 261104 314842 326424 329920 351064 355512 402587 411616 415232 448653
463481 492131 493342 504874 508677 512106 512959 520475 529337 588737 598203 604091
612452 612922 625987 648791 648792 677900 711374 711737 711861 712106 712119 712471
714006 714064 714167 715439 716956 717560 717589 717971 718067 719761 719765 720231
720850 721246 722458 724789 724821 725025 725034 725384 727492 728065 728250 729615
729864 731899 733362 733492 733751 733780 733864 733894 734012 734324 734326 735697
736690 736871 737164 737203 738889 739190 739687 739818 739894 740075 740081 740158
740426 742019 742048 742244 742331 742783 743449 745338 745536 745710 747217 747776
747885 748078 749175 749913 750296 751812 752555 752770 752786 752849 752914 753267
754634 754694 754952 755349 755577 755597 755860 756343 757822 757850 757851 757893
757984 757995 758571 758909 760475 760562 760612 760716 761259 761320 761488 761772
763606 764038 764172 765568 765589 765686 766235 767504 767507 767749 768077 770000
770031 770355 770852 772485 772636 772758 772820 772938 773165 773319 774907 775434
775751 775753 775801 775816 775845 775959 776045 776249 778095 778132 778326 778422
778528 780465 781049 781143 781315 781555 783118 783136 783426 784632 785286 785374
785407 785486 785534 785701 785928 785944 786002 787225 787515 787612 787787 788046
788052 788129 788612 788614 788661 788790 788843 788870 788877 790377 790653 790734
791018 791020 791067 791250 791377 791487 791571 793177 793217 793612 793729 793930
793966 794078 794084 794147 794430 794446 794544 794566 796129 796206 796232 796292
796526 796612 796699 796727 796790 796879 797143 797304 799008 799015 799550 799591
799633 800079 800110 800182 800402 800484 800486 801683 801704 801750 801798 801905
802053 802125 802401 802462 802469 802646 802690 802723 804059 804192 804460 804711
805027 805134 805320 805620 805727 807048 807158 807300 807451 807897 807907 807909
808036 808209 808233 808588 810772 810984 811016 811407 811483 811733 811741 813041
813116 813189 813190 813287 813627 813632 814057 814247 814434 814748 816523 816593
816659 816722 817218 817380 817475 818156 820260 820273 820655 820812 821030 823098
823120 823613 824024 825381 826131 826299 826505 826567 826860 828455 829470 829489
829574 829842 830003 831637 831704 832103 832318 832408 832629 833048 833055 834682
834722 835220 835530 835707 835758 835976 836112 836265 837640 837762 837786 838244
838437 838551 838766 840395 840585 840694 840942 841036 841092 843176 843527 843555
843682 845325 845450 845499 845660 845708 845887 846907 848002 848053 848248 848990
850543 850734 850761 850827 850832 850864 851773 853395 853710 853992 854028 854206
854231 854358 854715 856740 857090 857151 857190 857357 857538 859555 860271 861953
863833 863837 864139 864202 864325 864488 864626 864845 866676 866763 866782 866821
866835 867581 867732 868205 868277 870068 870122 870399 870405 870637 871135 871310
873045 873549 874257 875979 876034 876083 876511 876715 877132 877154 878591 878771
878787 879404 880612 880656 880969 881226 883017 883128 883253 883333 883858 885167
885299 885464 885465 885467 885533 885567 885570 885609 885658 885847 886104 886480
886825 886848 888213 888668 888790 888854 889041 889491 889964 889998 891759 892809
894598 894602 894604 894681 894698 895131 895250 897842 901099 901242 901245 901257
901267 902530 903141 903958 905476 905531 905624 906934 908741 908774 912319 912654
912655 915290 915341 916727 919639 919790 921149 921817 921858 921953 923723 924485
924486 924487 926680 927344 930241 932534 933351 935228 935613 936713 941046 941407
941443 943122 943174 943395 948236 950900 951117 951374 952004 953726 964065 964753
969107 969153 986191 992958 1007231 1016280
